"CH","Lat","Lon","CSD"
35,25.2613644185947,-18.3643292080564,671.42
19.5,25.2786569877959,-18.3652724391005,67.45
12,25.2802290395414,-18.3765912116299,34.11
15.8,25.2541329805651,-18.3526960251789,63.87
18.5,25.2723687808136,-18.3482942803064,84.34
26,25.2557050323107,-18.393254960076,449.46
28.5,25.2843163740799,-18.3504951527426,438.01
26.6,25.242814207997,-18.3523816148309,297.5
30.2,25.2610500082456,-18.3548968976152,445.56
13.6,25.2852596051272,-18.369674183973,64.97
38.6,25.270796729068,-18.3712462357132,453.49
21,25.2349539492692,-18.3577265907475,102.1
36.6,25.2610500082456,-18.3835082392868,696.95
14.2,25.242814207997,-18.4067746050417,52.58
13.9,25.2469015425355,-18.4064601946936,36.7
17.7,25.2685958566243,-18.3970278842525,78.94
34.5,25.2745696532574,-18.3602418735319,301.47
39.6,25.2773993463994,-18.3753335702377,524.84
12.5,25.2814866809379,-18.3514383837868,46.54
22.3,25.2711111394172,-18.3844514703309,190.74
12.9,25.2519321081213,-18.4086610671299,107.3
18.1,25.2654517531331,-18.401429629125,33.33
25.5,25.2412421562515,-18.3511239734387,292.89
6.8,25.242814207997,-18.3740759288456,38.55
11.2,25.276141705003,-18.3979711152966,35.58
4.8,25.2340107182219,-18.3750191598897,58.11
10.8,25.2469015425355,-18.3989143463407,57.56
42,25.2355827699675,-18.3970278842525,692.69
10.9,25.2541329805651,-18.3596130528358,71.97
11.1,25.267967035926,-18.401115218777,57.68
33.7,25.2528753391686,-18.3847658806789,429.86
16.6,25.2362115906657,-18.3643292080564,119.71
24.7,25.2582203151036,-18.3938837807721,241.73
33.5,25.2673382152278,-18.3806785461544,435.8
15.7,25.2462727218373,-18.353639256223,84.4
17.7,25.2368404113639,-18.4030016808652,24.37
8.1,25.2513032874231,-18.4023728601691,74.25
47.8,25.2434430286953,-18.3879099841593,783.47
17.9,25.270796729068,-18.385080291027,82.13
36.1,25.2736264222101,-18.3684165425809,414.06
35.5,25.2522465184704,-18.3479798699583,443.29
12.7,25.2346395389201,-18.3756479805858,69.47
8.2,25.2635652910385,-18.4008008084289,40.32
38.3,25.2729976015118,-18.3665300804926,446.88
16.8,25.2569626737071,-18.4026872705172,71.09
42.7,25.2657661634822,-18.3844514703309,939.81
7.3,25.2814866809379,-18.3831938289387,74.52
20.5,25.2594779565,-18.353010435527,272.41
38.4,25.2579059047544,-18.3740759288456,710.28
42.2,25.2478447735828,-18.3806785461544,577.38
31.5,25.2497312356775,-18.3891676255515,501.72
30.6,25.2811722705888,-18.3599274631838,319.67
14.3,25.2638797013876,-18.4042593222574,35.39
47.9,25.2645085220858,-18.3879099841593,777.46
43.6,25.2365260010148,-18.3973422946005,600.09
41.5,25.2648229324349,-18.3759623909338,707.34
39.8,25.2645085220858,-18.3882243945074,801.77
32.7,25.2635652910385,-18.3765912116299,460.37
28.3,25.2443862597426,-18.3778488530221,512.19
17.8,25.2777137567485,-18.4020584498211,82.02
33.4,25.2770849360503,-18.4080322464338,500.58
6.5,25.256648263358,-18.3583554114436,71.24
27.8,25.2484735942811,-18.3460934078701,438.44
34.5,25.2698534980207,-18.3637003873603,452.47
15.7,25.2843163740799,-18.3526960251789,29.31
16.9,25.2585347254527,-18.353639256223,65.59
10.3,25.2670238048787,-18.3467222285662,38.95
1.1,25.2330674871746,-18.3787920840662,38.64
22.6,25.2424997976479,-18.369359773625,296.73
14.1,25.2393556941568,-18.3621283356201,61.77
4.2,25.2544473909142,-18.3589842321397,24.74
9.9,25.281801091287,-18.3526960251789,25.55
11.1,25.2582203151036,-18.3979711152966,74.06
29,25.2475303632337,-18.3671589011887,499.36
8.2,25.2654517531331,-18.3954558325123,34.76
5,25.2447006700917,-18.3954558325123,63.94
39.9,25.2632508806893,-18.3624427459681,795.09
33,25.2645085220858,-18.3806785461544,429.54
29.8,25.2610500082456,-18.3577265907475,419.79
34.3,25.248159183932,-18.3828794185907,466.92
11.1,25.284630784429,-18.3885388048554,28.9
12.9,25.2852596051272,-18.3866523427672,56.8
16.5,25.2402989252041,-18.4042593222574,73.34
37.1,25.2465871321864,-18.3791064944142,503.39
16.4,25.2802290395414,-18.3592986424877,71.18
35.3,25.2685958566243,-18.3737615184975,944.66
10.7,25.2629364703402,-18.4086610671299,35.57
35.1,25.2550762116124,-18.3838226496348,469.98
17.6,25.2393556941568,-18.3624427459681,53.26
15.5,25.2462727218373,-18.3552113079632,64.43
9.6,25.248159183932,-18.3608706942279,77.23
5.2,25.2751984739556,-18.3813073668505,57.78
36.3,25.2748840636065,-18.3728182874534,623.96
43.6,25.2648229324349,-18.3621283356201,787.67
17.6,25.2805434498905,-18.3879099841593,204.48
29,25.2805434498905,-18.4048881429534,457.59
22.8,25.2748840636065,-18.4036305015613,320.61
9.3,25.2676526255769,-18.4061457843456,46.18
8.3,25.2585347254527,-18.3486086906544,45.28
23.2,25.2434430286953,-18.3542680769191,263.45
